col_names, begin, end,width,whole_places,frac_places
COUNTRY,1,3,3,3,0
CNT,4,6,3,3,0
SUBNATIO,7,10,4,4,0
SCHOOLID,11,15,5,5,0
STIDSTD,16,20,5,5,0
ST01Q01,22,23,2,2,0
ST02Q02,24,25,2,2,0
ST02Q03,26,27,2,2,0
ST03Q01,28,28,1,1,0
ST04Q01,29,29,1,1,0
ST04Q02,30,30,1,1,0
ST04Q03,31,31,1,1,0
ST04Q04,32,32,1,1,0
ST04Q05,33,33,1,1,0
ST05Q01,34,34,1,1,0
ST06Q01,35,35,1,1,0
ST07Q01,36,39,4,4,0
ST09Q01,40,43,4,4,0
ST11R01,44,44,1,1,0
ST12Q01,45,45,1,1,0
ST12Q02,46,46,1,1,0
ST12Q03,47,47,1,1,0
ST13R01,48,48,1,1,0
ST14Q01,49,49,1,1,0
ST14Q02,50,50,1,1,0
ST14Q03,51,51,1,1,0
ST15Q01,52,53,2,2,0
ST15Q02,54,55,2,2,0
ST15Q03,56,57,2,2,0
ST15Q04,58,65,8,3,3
ST16Q01,66,67,2,2,0
ST17Q01,68,68,1,1,0
ST17Q02,69,69,1,1,0
ST17Q03,70,70,1,1,0
ST17Q04,71,71,1,1,0
ST17Q05,72,72,1,1,0
ST17Q06,73,73,1,1,0
ST17Q07,74,74,1,1,0
ST17Q08,75,75,1,1,0
ST17Q09,76,76,1,1,0
ST17Q10,77,77,1,1,0
ST17Q11,78,78,1,1,0
ST17Q12,79,79,1,1,0
ST17Q13,80,80,1,1,0
ST17Q14,81,85,5,5,0
ST17Q15,86,90,5,5,0
ST17Q16,91,95,5,5,0
ST19Q01,96,96,1,1,0
ST20Q01,97,97,1,1,0
ST21Q01,98,102,5,3,1
ST22Q01,103,103,1,1,0
ST22Q02,104,104,1,1,0
ST22Q03,105,105,1,1,0
ST23Q01,106,106,1,1,0
ST23Q02,107,107,1,1,0
ST23Q03,108,108,1,1,0
ST23Q04,109,109,1,1,0
ST23Q05,110,110,1,1,0
ST23Q06,111,111,1,1,0
ST24Q01,112,112,1,1,0
ST24Q02,113,113,1,1,0
ST24Q03,114,114,1,1,0
ST24Q04,115,115,1,1,0
ST25Q01,116,116,1,1,0
ST25Q02,117,117,1,1,0
ST25Q03,118,118,1,1,0
ST25Q04,119,119,1,1,0
ST25Q05,120,120,1,1,0
ST25Q06,121,121,1,1,0
ST26Q01,122,122,1,1,0
ST26Q02,123,123,1,1,0
ST26Q03,124,124,1,1,0
ST26Q04,125,125,1,1,0
ST26Q05,126,126,1,1,0
ST27Q01,127,127,1,1,0
ST27Q02,128,128,1,1,0
ST27Q03,129,129,1,1,0
ST27Q04,130,130,1,1,0
ST27Q05,131,131,1,1,0
ST27Q06,132,132,1,1,0
ST28Q01,133,133,1,1,0
ST29Q01,134,141,8,3,3
ST29Q02,142,149,8,3,3
ST29Q03,150,157,8,3,3
ST29Q04,158,165,8,3,3
ST29Q05,166,173,8,3,3
ST29Q06,174,181,8,3,3
ST30Q01,182,182,1,1,0
ST30Q02,183,183,1,1,0
ST30Q03,184,184,1,1,0
ST30Q04,185,185,1,1,0
ST30Q05,186,186,1,1,0
ST30Q06,187,187,1,1,0
ST30Q07,188,188,1,1,0
ST30Q08,189,189,1,1,0
ST31Q01,190,190,1,1,0
ST31Q02,191,191,1,1,0
ST31Q03,192,192,1,1,0
ST31Q04,193,193,1,1,0
ST31Q05,194,194,1,1,0
ST31Q06,195,195,1,1,0
ST31Q07,196,196,1,1,0
ST31Q08,197,197,1,1,0
ST32Q01,198,198,1,1,0
ST32Q02,199,199,1,1,0
ST32Q03,200,200,1,1,0
ST32Q04,201,201,1,1,0
ST32Q05,202,202,1,1,0
ST32Q06,203,203,1,1,0
ST32Q07,204,204,1,1,0
ST32Q08,205,205,1,1,0
ST32Q09,206,206,1,1,0
ST32Q10,207,207,1,1,0
ST33Q01,208,215,8,3,3
ST33Q02,216,223,8,3,3
ST33Q03,224,231,8,3,3
ST33Q04,232,239,8,3,3
ST33Q05,240,247,8,3,3
ST33Q06,248,255,8,3,3
ST34Q01,256,256,1,1,0
ST34Q02,257,257,1,1,0
ST34Q03,258,258,1,1,0
ST34Q04,259,259,1,1,0
ST34Q05,260,260,1,1,0
ST34Q06,261,261,1,1,0
ST34Q07,262,262,1,1,0
ST34Q08,263,263,1,1,0
ST34Q09,264,264,1,1,0
ST34Q10,265,265,1,1,0
ST34Q11,266,266,1,1,0
ST34Q12,267,267,1,1,0
ST34Q13,268,268,1,1,0
ST34Q14,269,269,1,1,0
ST35Q02,270,277,8,3,3
ST35Q03,278,285,8,3,3
ST36Q01,286,293,8,3,3
ST37Q01,294,294,1,1,0
ST37Q02,295,295,1,1,0
ST37Q03,296,296,1,1,0
ST37Q04,297,297,1,1,0
ST37Q05,298,298,1,1,0
ST37Q06,299,299,1,1,0
ST37Q07,300,300,1,1,0
ST37Q08,301,301,1,1,0
ST37Q09,302,302,1,1,0
ST37Q10,303,303,1,1,0
ST38Q01,304,304,1,1,0
ST38Q02,305,305,1,1,0
ST38Q03,306,306,1,1,0
ST38Q04,307,307,1,1,0
ST38Q05,308,308,1,1,0
ST38Q06,309,309,1,1,0
ST38Q07,310,310,1,1,0
ST38Q08,311,311,1,1,0
ST38Q09,312,312,1,1,0
ST38Q10,313,313,1,1,0
ST38Q11,314,314,1,1,0
EC01Q01,315,315,1,1,0
EC02Q01,316,316,1,1,0
EC03Q01,317,317,1,1,0
EC04Q01,318,318,1,1,0
EC05Q01,319,319,1,1,0
EC06Q01,320,320,1,1,0
EC06Q02,321,324,4,4,0
EC07Q01,325,332,8,4,3
EC07Q02,333,333,1,1,0
EC07Q03,334,341,8,3,3
EC08Q01,342,345,4,4,0
IC01Q01,346,346,1,1,0
IC01Q02,347,347,1,1,0
IC01Q03,348,348,1,1,0
IC02Q01,349,349,1,1,0
IC03Q01,350,350,1,1,0
IC04Q01,351,351,1,1,0
IC04Q02,352,352,1,1,0
IC04Q03,353,353,1,1,0
IC05Q01,354,354,1,1,0
IC05Q02,355,355,1,1,0
IC05Q03,356,356,1,1,0
IC05Q04,357,357,1,1,0
IC05Q05,358,358,1,1,0
IC05Q06,359,359,1,1,0
IC05Q07,360,360,1,1,0
IC05Q08,361,361,1,1,0
IC05Q09,362,362,1,1,0
IC05Q10,363,363,1,1,0
IC05Q11,364,364,1,1,0
IC05Q12,365,365,1,1,0
IC06Q01,366,366,1,1,0
IC06Q02,367,367,1,1,0
IC06Q03,368,368,1,1,0
IC06Q04,369,369,1,1,0
IC06Q05,370,370,1,1,0
IC06Q06,371,371,1,1,0
IC06Q07,372,372,1,1,0
IC06Q08,373,373,1,1,0
IC06Q09,374,374,1,1,0
IC06Q10,375,375,1,1,0
IC06Q11,376,376,1,1,0
IC06Q12,377,377,1,1,0
IC06Q13,378,378,1,1,0
IC06Q14,379,379,1,1,0
IC06Q15,380,380,1,1,0
IC06Q16,381,381,1,1,0
IC06Q17,382,382,1,1,0
IC06Q18,383,383,1,1,0
IC06Q19,384,384,1,1,0
IC06Q20,385,385,1,1,0
IC06Q21,386,386,1,1,0
IC06Q22,387,387,1,1,0
IC06Q23,388,388,1,1,0
IC07Q01,389,389,1,1,0
IC07Q02,390,390,1,1,0
IC07Q03,391,391,1,1,0
IC07Q04,392,392,1,1,0
IC08Q01,393,393,1,1,0
IC09Q01,394,394,1,1,0
SC07Q01,395,397,3,3,0
CLCUSE3A,398,402,5,3,0
CLCUSE3B,403,407,5,3,0
AGE,408,412,5,2,2
GRADE,413,414,2,1,0
ISCEDL,415,415,1,1,0
ISCEDD,416,416,1,1,0
ISCEDO,417,417,1,1,0
PROGN,418,423,6,6,0
FAMSTRUC,424,424,1,1,0
BMMJ,425,426,2,2,0
BFMJ,427,428,2,2,0
BSMJ,429,430,2,2,0
HISEI,431,432,2,2,0
MSECATEG,433,433,1,1,0
FSECATEG,434,434,1,1,0
HSECATEG,435,435,1,1,0
SSECATEG,436,436,1,1,0
MISCED,437,437,1,1,0
FISCED,438,438,1,1,0
HISCED,439,439,1,1,0
PARED,440,441,2,2,0
ISO_S,442,449,8,8,0
ISO_M,450,457,8,8,0
ISO_F,458,465,8,8,0
IMMIG,466,466,1,1,0
LANG,467,467,1,1,0
LANGN,468,473,6,6,0
SISCED,474,474,1,1,0
MMINS,475,482,8,3,0
TMINS,483,490,8,3,0
PCMATH,491,496,6,3,3
RMHMWK,497,504,8,3,4
COMPHOME,505,513,9,3,4
CULTPOSS,514,522,9,3,4
HEDRES,523,531,9,3,4
HOMEPOS,532,540,9,3,4
ATSCHL,541,549,9,3,4
STUREL,550,558,9,3,4
BELONG,559,567,9,3,4
INTMAT,568,576,9,3,4
INSTMOT,577,585,9,3,4
MATHEFF,586,594,9,3,4
ANXMAT,595,603,9,3,4
SCMAT,604,612,9,3,4
CSTRAT,613,621,9,3,4
ELAB,622,630,9,3,4
MEMOR,631,639,9,3,4
COMPLRN,640,648,9,3,4
COOPLRN,649,657,9,3,4
TEACHSUP,658,666,9,3,4
DISCLIM,667,675,9,3,4
INTUSE,676,684,9,3,4
PRGUSE,685,693,9,3,4
ROUTCONF,694,702,9,3,4
INTCONF,703,711,9,3,4
HIGHCONF,712,720,9,3,4
ATTCOMP,721,729,9,3,4
ESCS,730,739,10,3,5
PV1MATH,740,748,9,4,4
PV2MATH,749,757,9,4,4
PV3MATH,758,766,9,4,4
PV4MATH,767,775,9,4,4
PV5MATH,776,784,9,4,4
PV1MATH1,785,793,9,4,4
PV2MATH1,794,802,9,4,4
PV3MATH1,803,811,9,4,4
PV4MATH1,812,820,9,4,4
PV5MATH1,821,829,9,4,4
PV1MATH2,830,838,9,4,4
PV2MATH2,839,847,9,4,4
PV3MATH2,848,856,9,4,4
PV4MATH2,857,865,9,4,4
PV5MATH2,866,874,9,4,4
PV1MATH3,875,883,9,4,4
PV2MATH3,884,892,9,4,4
PV3MATH3,893,901,9,4,4
PV4MATH3,902,910,9,4,4
PV5MATH3,911,919,9,4,4
PV1MATH4,920,928,9,4,4
PV2MATH4,929,937,9,4,4
PV3MATH4,938,946,9,4,4
PV4MATH4,947,955,9,4,4
PV5MATH4,956,964,9,4,4
PV1READ,965,973,9,4,4
PV2READ,974,982,9,4,4
PV3READ,983,991,9,4,4
PV4READ,992,1000,9,4,4
PV5READ,1001,1009,9,4,4
PV1SCIE,1010,1018,9,4,4
PV2SCIE,1019,1027,9,4,4
PV3SCIE,1028,1036,9,4,4
PV4SCIE,1037,1045,9,4,4
PV5SCIE,1046,1054,9,4,4
PV1PROB,1055,1063,9,4,4
PV2PROB,1064,1072,9,4,4
PV3PROB,1073,1081,9,4,4
PV4PROB,1082,1090,9,4,4
PV5PROB,1091,1099,9,4,4
W_FSTUWT,1100,1108,9,4,4
OECD,1125,1125,1,1,0
UH,1126,1126,1,1,0
W_FSTR1,1127,1135,9,4,4
W_FSTR2,1136,1144,9,4,4
W_FSTR3,1145,1153,9,4,4
W_FSTR4,1154,1162,9,4,4
W_FSTR5,1163,1171,9,4,4
W_FSTR6,1172,1180,9,4,4
W_FSTR7,1181,1189,9,4,4
W_FSTR8,1190,1198,9,4,4
W_FSTR9,1199,1207,9,4,4
W_FSTR10,1208,1216,9,4,4
W_FSTR11,1217,1225,9,4,4
W_FSTR12,1226,1234,9,4,4
W_FSTR13,1235,1243,9,4,4
W_FSTR14,1244,1252,9,4,4
W_FSTR15,1253,1261,9,4,4
W_FSTR16,1262,1270,9,4,4
W_FSTR17,1271,1279,9,4,4
W_FSTR18,1280,1288,9,4,4
W_FSTR19,1289,1297,9,4,4
W_FSTR20,1298,1306,9,4,4
W_FSTR21,1307,1315,9,4,4
W_FSTR22,1316,1324,9,4,4
W_FSTR23,1325,1333,9,4,4
W_FSTR24,1334,1342,9,4,4
W_FSTR25,1343,1351,9,4,4
W_FSTR26,1352,1360,9,4,4
W_FSTR27,1361,1369,9,4,4
W_FSTR28,1370,1378,9,4,4
W_FSTR29,1379,1387,9,4,4
W_FSTR30,1388,1396,9,4,4
W_FSTR31,1397,1405,9,4,4
W_FSTR32,1406,1414,9,4,4
W_FSTR33,1415,1423,9,4,4
W_FSTR34,1424,1432,9,4,4
W_FSTR35,1433,1441,9,4,4
W_FSTR36,1442,1450,9,4,4
W_FSTR37,1451,1459,9,4,4
W_FSTR38,1460,1468,9,4,4
W_FSTR39,1469,1477,9,4,4
W_FSTR40,1478,1486,9,4,4
W_FSTR41,1487,1495,9,4,4
W_FSTR42,1496,1504,9,4,4
W_FSTR43,1505,1513,9,4,4
W_FSTR44,1514,1522,9,4,4
W_FSTR45,1523,1531,9,4,4
W_FSTR46,1532,1540,9,4,4
W_FSTR47,1541,1549,9,4,4
W_FSTR48,1550,1558,9,4,4
W_FSTR49,1559,1567,9,4,4
W_FSTR50,1568,1576,9,4,4
W_FSTR51,1577,1585,9,4,4
W_FSTR52,1586,1594,9,4,4
W_FSTR53,1595,1603,9,4,4
W_FSTR54,1604,1612,9,4,4
W_FSTR55,1613,1621,9,4,4
W_FSTR56,1622,1630,9,4,4
W_FSTR57,1631,1639,9,4,4
W_FSTR58,1640,1648,9,4,4
W_FSTR59,1649,1657,9,4,4
W_FSTR60,1658,1666,9,4,4
W_FSTR61,1667,1675,9,4,4
W_FSTR62,1676,1684,9,4,4
W_FSTR63,1685,1693,9,4,4
W_FSTR64,1694,1702,9,4,4
W_FSTR65,1703,1711,9,4,4
W_FSTR66,1712,1720,9,4,4
W_FSTR67,1721,1729,9,4,4
W_FSTR68,1730,1738,9,4,4
W_FSTR69,1739,1747,9,4,4
W_FSTR70,1748,1756,9,4,4
W_FSTR71,1757,1765,9,4,4
W_FSTR72,1766,1774,9,4,4
W_FSTR73,1775,1783,9,4,4
W_FSTR74,1784,1792,9,4,4
W_FSTR75,1793,1801,9,4,4
W_FSTR76,1802,1810,9,4,4
W_FSTR77,1811,1819,9,4,4
W_FSTR78,1820,1828,9,4,4
W_FSTR79,1829,1837,9,4,4
W_FSTR80,1838,1846,9,4,4
WVARSTRR,1847,1848,2,2,0
UNIT,1849,1849,1,1,0
STRATUM,1851,1855,5,5,0
CNTFAC1,1856,1869,14,3,10
CNTFAC2,1870,1883,14,3,10